-2.241963395787583690e-01 -1.723752090340694987e-01 0.000000000000000000e+00
-2.243304202339352904e-01 -1.722006768184871639e-01 0.000000000000000000e+00
-2.247301658262331192e-01 -1.716786447819106942e-01 0.000000000000000000e+00
-2.253928685623778350e-01 -1.708076247708490980e-01 0.000000000000000000e+00
-2.263140319406907741e-01 -1.695851551300182336e-01 0.000000000000000000e+00
-2.274873777315324641e-01 -1.680078194011100090e-01 0.000000000000000000e+00
-2.289048540505804752e-01 -1.660712728056751575e-01 0.000000000000000000e+00
-2.305566429970916376e-01 -1.637702769118317414e-01 0.000000000000000000e+00
-2.324311660878330410e-01 -1.610987430594911785e-01 0.000000000000000000e+00
-2.345150856045044585e-01 -1.580497853274514808e-01 0.000000000000000000e+00
-2.367933000020968071e-01 -1.546157840635832281e-01 0.000000000000000000e+00
-2.392489317048377695e-01 -1.507884612566457450e-01 0.000000000000000000e+00
-2.418641257251377685e-01 -1.465565184144749233e-01 0.000000000000000000e+00
-2.446172854630042082e-01 -1.419129750620882757e-01 0.000000000000000000e+00
-2.474860026460985185e-01 -1.368481696454461327e-01 0.000000000000000000e+00
-2.504459474656528517e-01 -1.313522406379848961e-01 0.000000000000000000e+00
-2.534708092514088573e-01 -1.254152892787406826e-01 0.000000000000000000e+00
-2.565322310087244095e-01 -1.190275660941809283e-01 0.000000000000000000e+00
-2.595997408901239978e-01 -1.121796831756934620e-01 0.000000000000000000e+00
-2.626406845684120528e-01 -1.048628538434289575e-01 0.000000000000000000e+00
-2.656201633267660789e-01 -9.706916081987367051e-02 0.000000000000000000e+00
-2.685009834402038442e-01 -8.879185335758230102e-02 0.000000000000000000e+00
-2.712436230475615551e-01 -8.002567291866680144e-02 0.000000000000000000e+00
-2.738048813137087256e-01 -7.076426750232622798e-02 0.000000000000000000e+00
-2.761413584072964778e-01 -6.100940330845833204e-02 0.000000000000000000e+00
-2.782065846880240056e-01 -5.076256754964685730e-02 0.000000000000000000e+00
-2.799519434387016670e-01 -4.002829338903381162e-02 0.000000000000000000e+00
-2.813268270133721938e-01 -2.881458394400267936e-02 0.000000000000000000e+00
-2.822788481971461594e-01 -1.713333837981305743e-02 0.000000000000000000e+00
-2.827541103677134182e-01 -5.000771865733616081e-03 0.000000000000000000e+00
-2.826975385615697611e-01 7.562179461462665425e-03 0.000000000000000000e+00
-2.820532718972597053e-01 2.052947767631063333e-02 0.000000000000000000e+00
-2.807651160882194685e-01 3.386963545103374024e-02 0.000000000000000000e+00
-2.787770531012775943e-01 4.754541023296102176e-02 0.000000000000000000e+00
-2.760289768245594577e-01 6.151498696952972800e-02 0.000000000000000000e+00
-2.724711498936166487e-01 7.572677643520862867e-02 0.000000000000000000e+00
-2.680516897063029980e-01 9.012484119106091429e-02 0.000000000000000000e+00
-2.627214131468133540e-01 1.046468183857184042e-01 0.000000000000000000e+00
-2.564345474889359600e-01 1.192239143590802936e-01 0.000000000000000000e+00
-2.491494617669470502e-01 1.337809668546849629e-01 0.000000000000000000e+00
-2.425632606815628645e-01 1.453822451442320640e-01 0.000000000000000000e+00
-2.333874236812726877e-01 1.597016462886279020e-01 0.000000000000000000e+00
-2.231137441362082696e-01 1.737842395088371461e-01 0.000000000000000000e+00
-2.117115685001679515e-01 1.875491757467438458e-01 0.000000000000000000e+00
-1.991532716393751845e-01 2.009080076007540017e-01 0.000000000000000000e+00
-1.854080078057976366e-01 2.137606101166754924e-01 0.000000000000000000e+00
-1.704640088488449667e-01 2.260042781145970570e-01 0.000000000000000000e+00
-1.543087856367757194e-01 2.375250935657932938e-01 0.000000000000000000e+00
-1.369373478528380095e-01 2.482000629338095843e-01 0.000000000000000000e+00
-1.183537066227550866e-01 2.578969568534231760e-01 0.000000000000000000e+00
-9.857254601042636510e-02 2.664742836155729599e-01 0.000000000000000000e+00
-7.762106663525017436e-02 2.737814280887926333e-01 0.000000000000000000e+00
-5.554100206750192670e-02 2.796589915791037884e-01 0.000000000000000000e+00
-3.239080539617102822e-02 2.839393723339481146e-01 0.000000000000000000e+00
-8.247999278678367491e-03 2.864476309244076702e-01 0.000000000000000000e+00
1.678832230608029441e-02 2.870026895646333731e-01 0.000000000000000000e+00
4.259853204652974679e-02 2.854050342259309980e-01 0.000000000000000000e+00
6.902649516654278672e-02 2.814781094366339831e-01 0.000000000000000000e+00
9.589158046759868603e-02 2.750338635988193725e-01 0.000000000000000000e+00
1.229804772446647793e-01 2.658875030461909095e-01 0.000000000000000000e+00
1.500443918208424765e-01 2.538613020598446957e-01 0.000000000000000000e+00
1.767963595185952641e-01 2.387891522677647593e-01 0.000000000000000000e+00
2.029087702035371477e-01 2.205219344395220327e-01 0.000000000000000000e+00
2.280112298907415180e-01 1.989337979065154416e-01 0.000000000000000000e+00
2.516889103582979348e-01 1.739294329590366228e-01 0.000000000000000000e+00
2.734815744140368099e-01 1.454524184387411545e-01 0.000000000000000000e+00
2.928835077374155049e-01 1.134947185948268489e-01 0.000000000000000000e+00
3.093235185861266112e-01 7.808769233131090948e-02 0.000000000000000000e+00
3.222232662798980574e-01 3.937567744343877657e-02 0.000000000000000000e+00
3.309533395422886159e-01 -2.433174726831941609e-03 0.000000000000000000e+00
3.348545754764297167e-01 -4.703180629448962258e-02 0.000000000000000000e+00
3.332483072559934700e-01 -9.399896077538416606e-02 0.000000000000000000e+00
3.254503850765598227e-01 -1.427832832472009650e-01 0.000000000000000000e+00
3.107897456249371082e-01 -1.926873610466866560e-01 0.000000000000000000e+00
2.886323576471679919e-01 -2.428525333506500183e-01 0.000000000000000000e+00
2.584113642479655137e-01 -2.922456596271377771e-01 0.000000000000000000e+00
2.196641356334509687e-01 -3.396494829775748570e-01 0.000000000000000000e+00
1.720766863615812436e-01 -3.836587436109549776e-01 0.000000000000000000e+00
1.154829167825979774e-01 -4.226443699060580261e-01 0.000000000000000000e+00
5.008634358435645056e-02 -4.548677479116231548e-01 0.000000000000000000e+00
-2.363878911972900482e-02 -4.784359872352687004e-01 0.000000000000000000e+00
-1.048304776189982884e-01 -4.913732804989766612e-01 0.000000000000000000e+00
-1.921785239685549762e-01 -4.916947678072040029e-01 0.000000000000000000e+00
-2.838750017921540802e-01 -4.775049329260128705e-01 0.000000000000000000e+00
-3.775843014496126915e-01 -4.471205098792142563e-01 0.000000000000000000e+00
-4.704424980612288421e-01 -3.992148367364319328e-01 0.000000000000000000e+00
-5.590957185142119146e-01 -3.329767901387685192e-01 0.000000000000000000e+00
-6.397855321796805939e-01 -2.482733534774191619e-01 0.000000000000000000e+00
-7.084859557603480074e-01 -1.458012777727204501e-01 0.000000000000000000e+00
-7.609715017920378743e-01 -2.713122759536991391e-02 0.000000000000000000e+00
-7.933681813242084990e-01 1.049270536286634470e-01 0.000000000000000000e+00
-8.021596174237758392e-01 2.466179316220872275e-01 0.000000000000000000e+00
-7.845438833412127222e-01 3.931868373408528572e-01 0.000000000000000000e+00
-7.387205159957280776e-01 5.390123711805521189e-01 0.000000000000000000e+00
-6.641606190755209305e-01 6.778231772735583416e-01 0.000000000000000000e+00
-5.618390227869290987e-01 8.030057299246055047e-01 0.000000000000000000e+00
-4.343991322487668061e-01 9.080082846912599370e-01 0.000000000000000000e+00
-2.862070711348347340e-01 9.868372520414302462e-01 0.000000000000000000e+00
-1.232391625380642175e-01 1.034616665319044948e+00 0.000000000000000000e+00
2.663668576187076115e-02 1.048394825698395039e+00 0.000000000000000000e+00
