-3.918552323250430014e+00 -4.754500779203012506e+00
2.090480351918587587e+01 7.517594975570398219e+01
1.132609094069065065e+02 3.035245036012839819e+02
3.241266442251042008e+02 6.475039073729337815e+02
7.303393310034498427e+02 1.048142748143428207e+03
1.416363029758530047e+03 1.396506317307765357e+03
2.427925476729391903e+03 1.503530536528719949e+03
3.696402203486006783e+03 1.106369968967533396e+03
4.981090627982159276e+03 -5.810278361956288506e+01
5.837308610447963474e+03 -2.145289909666010772e+03
5.632026749313583423e+03 -5.038444342217489975e+03
3.713824662125759005e+03 -8.155550628234755095e+03
-2.047909659709557957e+02 -1.032365246328396643e+04
-5.467569005728178126e+03 -1.012109805226199205e+04
-1.035750820653509254e+04 -6.778018448197077305e+03
-1.273496539599352946e+04 -9.435460611917006872e+02
-1.108262929706537761e+04 4.948807727346343199e+03
-6.402404819206417415e+03 7.440845391397010644e+03
-2.326762971998984540e+03 6.272229454663329307e+03
3.418934056643028612e+02 5.298043401419591646e+03
