0.000000000000000000e+00 -5.660034625666321872e+00 2.433996303561632324e+00 -0.000000000000000000e+00 1.049141544291820719e+04
2.030291294435026747e-03 -6.126022080675198822e+00 2.560389751448750140e+00 2.050761107601181976e+01 1.039791032778167755e+04
4.060582588870053494e-03 -7.539436513440090692e+00 2.950676297880181487e+00 4.071202731416072851e+01 1.020248284618948128e+04
6.090873883305080241e-03 -9.938539886220004504e+00 3.627790787669971539e+00 6.058169990290524964e+01 1.006812670941055330e+04
8.121165177740106988e-03 -1.335463315216847491e+01 4.605011980721443798e+00 8.033814166716393856e+01 1.006237568842899600e+04
1.015145647217513374e-02 -1.776264277118443857e+01 5.866804563899878922e+00 1.001699191009419252e+02 1.008318910819356825e+04
1.218174776661016048e-02 -2.305264582833482834e+01 7.368006601819478085e+00 1.199752854569785256e+02 9.961733435687152451e+03
1.421203906104518723e-02 -2.908037675074920969e+01 9.062230126538700858e+00 1.394183411630998819e+02 9.650565042690688642e+03
1.624233035548021398e-02 -3.597724149060692866e+01 1.099463135446582740e+01 1.583886769880410554e+02 9.294773200791778436e+03
1.827262164991524246e-02 -4.585311478397733254e+01 1.383079068968434555e+01 1.769869528420734071e+02 9.047663309013780236e+03
2.030291294435026747e-02 -6.036521461088755558e+01 1.840205989607137127e+01 1.951559713177722131e+02 8.831805586025582670e+03
2.233320423878529248e-02 -8.142340213762160772e+01 2.620765444575666692e+01 2.126348826898804418e+02 8.300821262896344706e+03
2.436349553322032097e-02 -1.119887701964569118e+02 4.060295279614538089e+01 2.284468475290342724e+02 7.173898245776480508e+03
2.639378682765534945e-02 -1.562184160334098806e+02 6.931932265778512203e+01 2.414490422711481017e+02 5.585620977463886447e+03
2.842407812209037446e-02 -2.173626399671837817e+02 1.298750998849160965e+02 2.509468883614479751e+02 3.683580178183843600e+03
3.045436941652539947e-02 -2.848819746204552530e+02 2.579750657149818949e+02 2.554618132405056201e+02 3.075913378002210266e+02
3.248466071096042795e-02 -2.898864586809960429e+02 5.001203406899896322e+02 2.491679420143963455e+02 -7.482966936317173349e+03
3.451495200539545644e-02 -4.601543110310512930e+01 8.159493146226786848e+02 2.216777281922642828e+02 -1.984597432779900555e+04
3.654524329983048492e-02 6.162276914896935978e+02 8.723785294395108849e+02 1.734436906818060606e+02 -2.452355232069089470e+04
3.857553459426550646e-02 1.235970913509096590e+03 1.252608470269125434e+02 1.426817204118323446e+02 -3.402074095849463333e+02
